0 843 0.3062
1 89 0.3237
2 119 0.3409
2 137 0.3330
2 139 0.3162
2 714 0.2902
439 661 0.2873
187 86 0.2823
187 404 0.2807
187 507 0.3164
187 404 0.2807
187 796 0.3710
187 507 0.3164
187 404 0.2807
187 796 0.3710
187 796 0.3710
187 507 0.3164
187 696 0.3041
187 796 0.3710
5 523 0.2981
6 123 0.3271
6 228 0.3170
6 556 0.3036
35 21 0.2915
35 35 1.0000
35 41 0.2877
35 525 0.2827
449 449 1.0000
449 449 1.0000
9 716 0.3104
10 234 0.2903
10 488 0.2901
10 597 0.2803
11 344 0.2952
12 302 0.2827
12 408 0.3124
13 550 0.3241
14 762 0.3127
14 283 0.2839
14 356 0.3864
14 762 0.3127
14 444 0.3203
14 526 0.2866
14 762 0.3127
14 816 0.3262
15 259 0.3277
15 798 0.3651
16 157 0.2898
16 468 0.2837
16 491 0.2858
736 736 1.0000
736 75 0.2957
736 736 1.0000
736 605 0.2899
736 736 1.0000
839 639 0.2854
839 839 1.0000
839 639 0.2854
839 651 0.3292
839 839 1.0000
20 777 0.2852
20 579 0.2807
20 738 0.2970
20 777 0.2852
21 35 0.2915
21 549 0.2953
22 710 0.2914
592 49 0.3642
592 592 1.0000
592 592 1.0000
592 592 1.0000
24 580 0.3011
24 730 0.3015
183 133 0.2822
183 508 0.2836
27 466 0.3200
27 818 0.2893
28 104 0.2806
700 700 1.0000
30 493 0.2875
30 734 0.3230
32 678 0.3715
33 769 0.3191
34 615 0.3001
35 41 0.2877
35 525 0.2827
564 221 0.2983
37 549 0.3647
38 132 0.3027
38 404 0.3024
38 190 0.2954
38 404 0.3024
38 404 0.3024
39 624 0.3393
41 48 0.3108
41 83 0.2857
41 712 0.3505
41 710 0.2805
41 712 0.3505
42 487 0.3008
42 487 0.3008
43 72 0.3723
44 113 0.3344
44 560 0.2887
44 560 0.2887
44 506 0.2845
44 560 0.2887
44 647 0.3479
44 750 0.2965
46 770 0.3263
49 592 0.3642
49 606 0.2913
49 592 0.3642
49 592 0.3642
49 606 0.2913
51 161 0.2911
52 837 0.3019
736 75 0.2957
736 736 1.0000
736 605 0.2899
736 736 1.0000
362 114 0.2861
797 797 1.0000
797 600 0.2905
797 797 1.0000
797 797 1.0000
797 600 0.2905
797 701 0.3593
797 797 1.0000
59 316 0.2818
59 445 0.2902
59 442 0.3080
59 445 0.2902
59 816 0.3191
60 686 0.3100
61 724 0.2806
62 480 0.3128
62 525 0.3087
63 132 0.2818
63 682 0.3272
63 740 0.3608
64 751 0.3857
592 592 1.0000
592 592 1.0000
66 109 0.3824
66 312 0.3305
67 190 0.2908
67 571 0.2820
67 715 0.2865
67 725 0.2994
69 823 0.2966
69 823 0.2966
72 404 0.3182
72 222 0.3026
72 222 0.3026
72 316 0.3065
72 404 0.3182
72 404 0.3182
73 585 0.3051
74 400 0.2845
75 736 0.2957
75 605 0.3349
75 695 0.2898
75 736 0.2957
76 260 0.2891
487 108 0.3016
487 487 1.0000
78 559 0.3850
78 818 0.3049
79 274 0.2817
80 321 0.3176
80 655 0.3129
80 635 0.3132
80 655 0.3129
81 591 0.3078
81 591 0.3078
82 127 0.2955
82 308 0.2993
82 593 0.3124
82 539 0.2856
82 593 0.3124
82 792 0.2856
83 657 0.3031
84 442 0.2907
84 785 0.2810
84 826 0.2806
85 107 0.2896
85 480 0.2917
86 187 0.2823
87 96 0.3009
87 400 0.3322
87 677 0.2956
88 457 0.2851
88 486 0.2963
88 457 0.2851
88 486 0.2963
88 509 0.2904
88 692 0.2939
89 581 0.3033
90 159 0.2939
90 717 0.3149
91 820 0.2876
91 615 0.3079
91 642 0.3631
91 725 0.3458
91 820 0.2876
92 255 0.2990
92 604 0.3028
92 604 0.3028
92 604 0.3028
92 696 0.3914
457 308 0.2990
94 625 0.3401
95 803 0.3067
96 110 0.3139
96 351 0.3145
96 510 0.3220
97 281 0.2829
97 332 0.3198
97 539 0.2923
97 776 0.2933
99 201 0.2910
100 630 0.3220
100 677 0.2843
723 774 0.3200
723 774 0.3200
723 401 0.2821
723 422 0.2815
723 774 0.3200
103 368 0.2915
103 777 0.3148
103 777 0.3148
105 567 0.2854
105 769 0.2994
106 626 0.3031
106 658 0.3147
107 399 0.2828
107 570 0.2871
107 726 0.3120
108 487 0.3016
110 538 0.2831
110 538 0.2831
111 225 0.3332
111 387 0.2900
111 748 0.3050
112 284 0.3081
112 422 0.3008
113 212 0.3048
113 237 0.2887
113 346 0.2979
113 725 0.2917
114 329 0.3072
114 343 0.2930
114 362 0.2861
114 740 0.2856
115 251 0.2840
115 788 0.3407
116 596 0.3148
116 596 0.3148
120 774 0.2957
120 774 0.2957
120 774 0.2957
121 568 0.2964
122 180 0.2953
122 508 0.2922
124 835 0.2847
125 778 0.2920
126 171 0.3064
126 355 0.2817
126 726 0.2929
126 752 0.2987
127 270 0.3568
127 415 0.3237
127 631 0.3289
127 682 0.3270
128 478 0.2861
128 728 0.3708
129 277 0.2894
129 283 0.2936
129 696 0.2998
129 717 0.3768
130 477 0.2893
130 518 0.2811
130 627 0.3442
216 192 0.2846
216 261 0.2865
132 492 0.2944
133 183 0.2822
812 838 0.2910
135 676 0.2816
136 484 0.2895
137 722 0.2924
138 649 0.2872
138 498 0.3079
138 649 0.2872
138 649 0.2872
138 680 0.3361
139 270 0.2946
140 616 0.2952
142 408 0.3103
142 581 0.3021
143 731 0.3239
144 773 0.2941
144 773 0.2941
144 773 0.2941
145 277 0.3490
146 505 0.3395
147 423 0.2987
148 387 0.3550
763 763 1.0000
763 463 0.3151
763 763 1.0000
150 254 0.2985
150 698 0.3602
151 385 0.2911
152 190 0.3190
765 765 1.0000
765 427 0.3282
765 765 1.0000
154 299 0.3140
154 587 0.3279
154 587 0.3279
154 587 0.3279
154 686 0.3057
155 270 0.3255
155 704 0.3530
155 704 0.3530
156 201 0.3233
156 743 0.3352
157 596 0.2969
157 596 0.2969
159 404 0.2934
159 404 0.2934
159 404 0.2934
160 639 0.2907
160 639 0.2907
160 661 0.2974
160 841 0.2934
161 182 0.3019
161 789 0.3069
164 224 0.3022
404 187 0.2807
404 786 0.3084
404 786 0.3084
833 833 1.0000
168 584 0.2912
168 665 0.3109
169 672 0.3041
170 373 0.2966
171 827 0.3158
172 223 0.2926
172 642 0.2870
173 572 0.3127
173 573 0.3175
173 834 0.3273
175 458 0.3599
176 521 0.3003
177 608 0.3078
177 329 0.2935
177 521 0.2813
177 608 0.3078
180 295 0.2903
181 767 0.2868
181 410 0.3959
181 767 0.2868
182 232 0.2892
183 508 0.2836
222 222 1.0000
185 627 0.2922
186 453 0.2947
187 507 0.3164
187 404 0.2807
187 796 0.3710
187 507 0.3164
187 404 0.2807
187 796 0.3710
187 796 0.3710
187 507 0.3164
187 696 0.3041
187 796 0.3710
762 762 1.0000
762 537 0.2823
762 750 0.2986
762 762 1.0000
189 244 0.2919
189 551 0.2991
191 272 0.2803
192 216 0.2846
192 224 0.2804
192 758 0.3387
765 427 0.3282
765 765 1.0000
194 770 0.3069
449 449 1.0000
767 288 0.3951
197 323 0.3121
199 544 0.2808
455 760 0.3069
201 465 0.3073
202 785 0.3637
773 415 0.3249
773 842 0.3186
774 774 1.0000
774 401 0.3117
774 723 0.3200
774 723 0.3200
774 774 1.0000
206 583 0.3252
207 392 0.2825
207 621 0.3067
207 679 0.3136
208 275 0.2913
208 697 0.2860
209 596 0.2824
209 596 0.2824
211 370 0.2889
214 427 0.3055
214 757 0.3458
807 660 0.3338
807 807 1.0000
807 809 0.3046
216 261 0.2865
812 838 0.2910
219 400 0.2906
219 414 0.2982
219 746 0.3131
221 405 0.3415
221 546 0.2815
221 564 0.2983
224 671 0.3060
226 451 0.3182
489 489 1.0000
489 549 0.2880
228 277 0.3170
228 344 0.2882
228 706 0.2969
230 483 0.3184
230 417 0.3074
230 483 0.3184
230 612 0.2936
230 688 0.2904
232 353 0.3089
232 693 0.3172
709 706 0.2824
709 806 0.2840
234 361 0.3144
234 411 0.2847
712 710 0.3144
712 712 1.0000
712 831 0.2986
238 782 0.3078
239 426 0.2870
239 426 0.2870
239 477 0.3099
240 503 0.2912
241 261 0.2936
241 593 0.3481
241 593 0.3481
242 571 0.3182
244 600 0.2866
244 600 0.2866
507 591 0.3133
507 507 1.0000
507 507 1.0000
507 591 0.3133
406 539 0.2835
247 483 0.3001
247 483 0.3001
248 836 0.2991
249 294 0.2981
249 462 0.2815
648 274 0.3129
648 769 0.3737
648 815 0.2849
251 479 0.3267
251 566 0.2805
591 507 0.3133
591 507 0.3133
591 591 1.0000
591 607 0.3041
253 429 0.3334
254 394 0.2806
254 476 0.2828
255 596 0.3385
255 596 0.3385
419 329 0.2868
419 419 1.0000
257 811 0.3033
258 314 0.2867
258 424 0.2852
258 531 0.2818
258 547 0.2818
259 317 0.4202
259 498 0.3105
260 340 0.3071
260 826 0.3440
263 418 0.2896
263 777 0.2873
263 511 0.2941
263 777 0.2873
263 840 0.2839
264 543 0.3062
540 429 0.2816
540 540 1.0000
602 602 1.0000
602 602 1.0000
267 368 0.3254
270 552 0.3187
272 329 0.3360
272 530 0.2850
274 648 0.3129
274 648 0.3129
274 718 0.3161
275 299 0.2940
275 323 0.2943
276 606 0.2812
276 606 0.2812
276 631 0.3013
277 678 0.3042
277 717 0.2824
277 792 0.2816
606 753 0.3118
279 815 0.3163
280 841 0.2886
281 651 0.2896
282 299 0.3184
282 405 0.3066
283 445 0.2880
283 444 0.3544
283 445 0.2880
283 523 0.2951
284 328 0.2853
284 447 0.3876
284 805 0.3451
608 608 1.0000
608 746 0.3203
286 357 0.3663
287 358 0.2826
287 824 0.3540
287 611 0.2981
287 824 0.3540
288 566 0.2837
288 747 0.2883
288 767 0.3951
289 458 0.3002
290 635 0.3247
290 672 0.3053
292 546 0.2862
293 477 0.3212
294 786 0.2863
294 786 0.2863
295 408 0.3114
633 734 0.3359
560 640 0.3053
560 560 1.0000
560 560 1.0000
560 655 0.3493
560 640 0.3053
560 655 0.3493
560 670 0.3057
560 720 0.2885
562 424 0.3664
299 597 0.2945
299 772 0.2854
300 444 0.2840
301 390 0.3294
301 505 0.2952
302 529 0.3023
303 799 0.2930
639 839 0.2854
639 732 0.3515
639 839 0.2854
639 841 0.2849
640 560 0.3053
640 541 0.3446
640 560 0.3053
640 830 0.3219
306 657 0.2808
307 323 0.2989
307 394 0.3022
308 457 0.2990
309 576 0.2835
309 740 0.3570
649 660 0.3050
312 423 0.3076
313 635 0.3210
314 666 0.3653
315 475 0.2925
315 695 0.2844
316 637 0.2849
317 716 0.3224
322 683 0.2854
323 541 0.3165
323 730 0.3443
324 826 0.2863
325 834 0.2839
328 462 0.2988
328 516 0.3016
329 419 0.2868
329 434 0.2938
329 594 0.2821
333 593 0.3341
333 593 0.3341
333 749 0.2994
336 721 0.3208
445 813 0.2825
823 576 0.2855
823 652 0.2832
340 399 0.2813
398 398 1.0000
346 825 0.3656
347 422 0.3351
347 619 0.3150
347 627 0.3482
774 401 0.3117
774 723 0.3200
774 723 0.3200
774 774 1.0000
404 786 0.3084
404 786 0.3084
353 777 0.3154
353 539 0.3017
353 777 0.3154
354 575 0.3103
354 643 0.2845
355 691 0.2905
358 437 0.2895
839 639 0.2854
839 651 0.3292
839 839 1.0000
796 796 1.0000
796 796 1.0000
796 796 1.0000
797 600 0.2905
797 797 1.0000
797 797 1.0000
797 600 0.2905
797 701 0.3593
797 797 1.0000
587 587 1.0000
587 587 1.0000
370 598 0.3245
481 701 0.3486
373 423 0.3121
373 813 0.3007
593 493 0.2845
593 808 0.3877
600 797 0.2905
600 797 0.2905
600 600 1.0000
600 797 0.2905
426 444 0.2834
426 494 0.2849
380 430 0.3494
380 818 0.2844
381 585 0.2817
382 614 0.3118
383 577 0.2880
483 483 1.0000
483 703 0.2818
386 452 0.3250
387 733 0.2858
388 617 0.3179
388 617 0.3179
390 476 0.3188
391 539 0.2896
393 456 0.3007
393 734 0.3100
394 766 0.3055
394 493 0.3143
394 766 0.3055
394 788 0.3186
560 560 1.0000
560 655 0.3493
560 640 0.3053
560 655 0.3493
560 670 0.3057
560 720 0.2885
824 524 0.2813
824 631 0.3587
400 559 0.2876
400 724 0.3005
401 723 0.2821
401 723 0.2821
401 774 0.3117
401 781 0.2840
402 506 0.3191
402 533 0.3510
402 741 0.2958
507 507 1.0000
507 591 0.3133
404 786 0.3084
404 786 0.3084
406 539 0.2835
786 583 0.3028
410 519 0.2906
796 796 1.0000
796 796 1.0000
797 797 1.0000
797 600 0.2905
797 701 0.3593
797 797 1.0000
414 576 0.3106
415 773 0.3249
415 773 0.3249
481 701 0.3486
422 723 0.2815
422 644 0.3019
422 644 0.3019
422 723 0.2815
424 562 0.3664
426 444 0.2834
426 494 0.2849
427 765 0.3282
538 435 0.3298
538 538 1.0000
538 713 0.3384
538 713 0.3384
538 729 0.2859
429 540 0.2816
434 642 0.2814
435 538 0.3298
435 557 0.2834
436 528 0.2864
436 721 0.3003
437 488 0.2901
439 661 0.2873
440 537 0.2898
440 701 0.3921
820 820 1.0000
762 537 0.2823
762 750 0.2986
762 762 1.0000
444 583 0.2920
445 813 0.2825
763 463 0.3151
763 763 1.0000
448 467 0.2912
448 572 0.3031
766 766 1.0000
451 790 0.3593
452 528 0.2815
453 808 0.2930
455 760 0.3069
456 641 0.2899
458 626 0.3225
458 758 0.2808
773 842 0.3186
777 590 0.3530
777 662 0.2960
777 777 1.0000
463 493 0.3341
463 722 0.3054
463 763 0.3151
723 774 0.3200
465 574 0.3528
466 518 0.3245
517 537 0.2893
517 551 0.2945
736 605 0.2899
736 736 1.0000
796 796 1.0000
797 600 0.2905
797 701 0.3593
797 797 1.0000
475 617 0.2998
475 617 0.2998
476 772 0.2821
479 563 0.2954
481 701 0.3486
482 488 0.2933
482 751 0.2926
483 703 0.2818
484 603 0.2932
484 660 0.3130
484 739 0.2893
489 549 0.2880
491 499 0.3112
491 718 0.3274
493 593 0.2845
495 735 0.3036
498 514 0.3329
499 630 0.2912
499 677 0.3257
500 635 0.2925
501 718 0.3216
506 533 0.3400
506 838 0.2811
507 591 0.3133
508 816 0.2812
509 583 0.2956
510 711 0.3073
644 644 1.0000
513 570 0.3673
648 769 0.3737
648 815 0.2849
517 537 0.2893
517 551 0.2945
519 748 0.2922
587 587 1.0000
523 659 0.3508
524 824 0.2813
526 799 0.3037
527 652 0.3493
527 834 0.2824
528 775 0.2884
529 542 0.2864
529 739 0.2810
530 805 0.3056
592 592 1.0000
533 650 0.3186
536 556 0.3046
536 589 0.3036
536 746 0.3157
537 584 0.2954
537 762 0.2823
538 713 0.3384
538 713 0.3384
538 729 0.2859
539 622 0.2854
541 554 0.3385
541 640 0.3446
542 674 0.2863
542 674 0.2863
543 835 0.3090
602 602 1.0000
546 705 0.3806
547 681 0.2832
549 615 0.3485
552 841 0.3161
554 706 0.2814
555 668 0.3048
555 822 0.2954
556 703 0.2843
560 655 0.3493
560 640 0.3053
560 655 0.3493
560 670 0.3057
560 720 0.2885
563 724 0.2944
566 703 0.3743
568 629 0.2880
570 669 0.3390
573 769 0.3686
576 713 0.3047
576 713 0.3047
576 823 0.2855
578 722 0.2888
581 612 0.3371
582 695 0.2856
582 701 0.3168
583 786 0.3028
585 831 0.2882
649 660 0.3050
590 742 0.3433
590 777 0.3530
591 607 0.3041
593 808 0.3877
597 616 0.2897
598 771 0.2899
599 832 0.3480
600 797 0.2905
605 736 0.2899
606 753 0.3118
608 746 0.3203
655 655 1.0000
611 783 0.3223
611 795 0.3293
621 746 0.2835
623 827 0.2888
624 641 0.3057
629 749 0.3116
629 828 0.2890
631 824 0.3587
631 845 0.3577
633 734 0.3359
637 665 0.3045
674 674 1.0000
639 732 0.3515
639 839 0.2854
639 841 0.2849
640 830 0.3219
645 657 0.3112
645 768 0.2971
647 787 0.2835
648 769 0.3737
648 815 0.2849
649 660 0.3050
650 658 0.3029
650 682 0.2852
650 806 0.3240
651 839 0.3292
652 823 0.2832
660 807 0.3338
662 726 0.3370
662 777 0.2960
671 745 0.3103
673 843 0.2831
677 769 0.2804
693 714 0.3000
693 720 0.3374
695 825 0.3246
701 797 0.3593
702 827 0.3347
706 709 0.2824
707 829 0.2934
709 806 0.2840
710 712 0.3144
710 842 0.3109
712 831 0.2986
723 774 0.3200
724 804 0.2828
727 844 0.2837
728 811 0.3153
732 841 0.2942
733 800 0.2876
735 822 0.3789
743 755 0.3012
744 828 0.2873
745 815 0.3108
747 758 0.2850
748 801 0.3506
750 762 0.2986
755 818 0.2935
759 814 0.3145
761 808 0.2880
770 841 0.2823
773 842 0.3186
783 785 0.3039
807 809 0.3046
811 843 0.2816
812 838 0.2910
822 841 0.2876
